# list of object assets to load in this scene
[ASSETS]
brick.txt
mario.txt
coin.txt
cloud.txt
brick.txt
goomba.txt
#
[OBJECTS]
# type	x	y	extra_settings per object type
# type: 0 = Mario , 1 = Brick, 2 = Goomba, 3 = Koopas
# See OBJECT_TYPE constants in AssetIDs.h

# MARIO
#0	6080	210
#0	200	1130
0	1561	600	0
#truoc paragoomba
#0	2300	1130		
###near random bonus
#0	7766	1130


# goomba
#2	860	600
#2	1587	1185

#hai con đúng
#2	2244	600
#2	2090	600

#test
#2	2790	600
#2	2430	600
#2	2470	600

#goomba

2	672	1152
2	1584	1195
2	2497	1147
2	2640	1147
# static coin
4	3216	955
4	3312	859
4	3408	763
4	3504	667
4	3600	571

# static coin in the airrrr	
4	3984	240
4	4032	240
4	4080	240
4	4368	336
4	4416	336
4	4560	384
4	4608	384
4	4656	384
4	4704	384
4	4800	336
4	4848	336
4	4896	336
4	4944	336
4	5010	432
4	5106	336
4	5202	384
4	5346	288
4	5442	384

# static coin underground		
4	6606	1512
4	6606	1704
4	6654	1464
4	6654	1608
4	6654	1752
4	6702	1464
4	6702	1608
4	6702	1752
4	6750	1512
4	6750	1560
4	6750	1656
4	6750	1704

#Platform
#5	100	180	16	15	32	20001	52000	20001

#Flatform
#6	0	1230	4000	5
#6	300	1050	200	5
# nền, chặn biên nền
6	-48	800	48	800	0
6	0	1248	1872	48	0
6	1872	1200	1392	96	0
6	3456	1248	768	48	0
6	4224	1248	288	48	0
6	4608	1248	240	48	0
#6	6864	144	48	240	0
6	8448	0	48	1392	0

6	4992	1248	1704	48	0
6	6768	1248	1680	49	0

#hai cái ống dài nhất
6	6768	384	96	576	0
6	6768	1104	96	144	0

#gạch bậc thang đối xứng				
6	6960	1584	144	48	0
6	6912	1632	192	48	0
6	6864	1680	240	48	0
6	6816	1728	288	48	0
6	6768	1776	336	48	0
6	6720	1824	384	48	0


#gạch bậc thang đối xứng
#6	6960	1584	144	48	0
#6	6912	1632	192	48	0
#6	6864	1680	240	48	0
#6	6816	1728	288	48	0
#6	6768	1776	336	48	0
#6	6720	1824	384	48	0
#chùm hai viên riêng lẻ
#6	6370	1440	96	48	0

#chặn 4 mặt dưsới lòng đất
6	5952	1392	1536	48	0
6	5952	1440	384	432	0
6	5952	1872	1536	96	0

#cống dưới đất
6	7104	1440	384	432	0

#gạch đối xứng				
6	4512	1008	96	48	0

6	4800	1104	48	48	0
6	4752	1152	96	48	0
6	4704	1200	144	48	0

6	4992	1104	48	48	0
6	4992	1152	96	48	0
6	4992	1200	144	48	0


# ô vuông có màu				
6	720	1104	144	2	1
6	816	1008	144	2	1

6	1200	1104	240	2	1
6	1392	1008	192	2	1
6	1536	912	192	2	1
6	1536	1152	275	2	1

6	3792	1152	336	2	1
6	3888	1056	336	2	1
6	3984	960	336	2	1

6	6432	1104	144	2	1
6	6528	816	144	2	1
#trên không trung
6	3936	432	192	2	1
6	4224	576	192	2	1
6	4480	528	600	2	1

#Portal 
#50	200	160	216	180	1

#para goomba
#7	2900	548
7	2900	1148

#brick coin
#1: chứa item 	2: chứa PButton	3: chứa nấm xanh
#8	300	1210	1
#8	600	1210	0

8	552	1080	0
8	600	1080	0

8	696	936	0
8	744	936	1

8	1968	1152	1
8	2112	1064	0
8	1248	960	0
#trên cao
8	4320	384	3
#chồng đối xứng
8	4413	1104	1

#P button ( brick có chứa P button)
#P button đúng
8	6096	1104	2

#8	528	1056	1

#nút cao hơn
#8	6096	1004	2

#mushroom
#9	600	910

#super leaf
#10	200	1100

#koompas hai tham so cuoi là loại với state
# type: 0=xanh 1=đỏ
# state: 100=walk_left 300=walk_right 600=fly_left 700=fly_right
#rùa đỏ color box
11	1761	1048	1	100
#11	3978	864	0	600
#11	4092	864	0	600
#11	4206	864	0	600

#11	4416	1152	0	100

#11	6288	1056	1	100
#con rua do tren hang gach 3 vien
#11	6000	600	1	100

#rùa đỏ test koompas
#11	2329	800	1	100

#rùa xanh test
#11	2400	1048	0	600	

#pipe 1 cao 	2 thấp	3 đen
12	1079	1152	1	0	

12	5399	1177	2	0
12	5592	1152	1	0
			
12	6984	1177	2	0
12	7035	1415	3	1

#testing pipe
#12	6793	359	2	1


#bullet 
#13	600	900	1
#13	600	900	2
#13	600	900	3
#13	600	900	4

#venus fire trap
14	1082	1152	1
14	5590	1154	2

#pirana plant
15	5400	1174

#17	6100	1104

#17	6100	1104

#random bonus
18	8088	1029

#virtal box
#19	2750	930
#19	1500	1200

#BrickBlink
#16	6000	1100

16	5856	1200
16	5904	1200
16	5952	1200
16	6000	1200
16	6048	1200
16	6096	1200
16	6144	1200

16	5904	1152
16	5952	1152
16	6000	1152
16	6048	1152
16	6096	1152

16	5952	1104
16	6000	1104
16	6048	1104

16	6288	1200
16	6336	1200

16	6288	1152

[OBJECTS_GRID]
# file_path
Resources\object\object_scene_1.txt	Resources\object\grid_scene_1.txt

[MAP]
textures\map_world1-1.txt	textures\TileObject.png	176	41	29	30